id;file_name;file_type;file_ext;file_size;storage_location;local_file_path;s_3_bucket;s_3_url;azure_url;source_of_origin;source_id;identifier;created_on;created_by;updated_on;updated_by;requisition_line_item_id;contact_id
1;invoice infomediaries;target Fantastic Universal;Mountain;67859;transparent Soft;Serbia wireless navigate;generate Chicken;Implementation;Auto Loan Account optical Chicken;grey;6976;hack;2021-07-21T12:21:01;program black;2021-07-21T20:07:59;Chicken;1;1
2;CSS white orchid;AGP Cambridgeshire payment;Berkshire Credit Card Account Operations;61861;Cheese;Executive;back up;adapter bi-directional;Response Games Generic Fresh Cheese;Borders Tactics payment;88757;Home Loan Account;2021-07-22T01:56:17;Guyana array microchip;2021-07-21T17:53:07;scalable;2;2
3;Beauty back up;Health COM indigo;Customer;55591;Unbranded Frozen Pants payment;Small Plastic Gloves Rubber;grey Idaho;Buckinghamshire;tertiary stable Tuna;Bike;54729;supply-chains visualize;2021-07-21T16:40:50;Awesome Concrete Bike;2021-07-21T12:42:40;drive;3;3
4;Persevering multi-state;solid state Rustic Concrete Gloves;Shirt Checking Account;47551;orchid;Sports Customer green;back up XSS Games;Practical Plastic Gloves Port;Universal;Investment Account Inverse Identity;97359;transform;2021-07-21T11:15:59;e-commerce;2021-07-21T07:59:00;Function-based Architect Assimilated;4;4
5;contingency;Incredible;front-end optimizing;4483;COM capability;Tools;payment microchip;Small Cotton Bike transparent;Avon superstructure invoice;foreground reboot Shirt;38827;back up;2021-07-21T19:34:53;CSS transmitter;2021-07-21T17:48:16;synthesize Producer;5;5
6;orange context-sensitive Electronics;payment open-source system engine;Chicken Creative Concrete;3197;Right-sized Sleek multi-byte;generating;harness;visualize Handmade;reboot Wyoming;transmitting;54084;Sao Tome and Principe synthesizing withdrawal;2021-07-21T13:48:28;Moldovan Leu;2021-07-21T19:52:54;matrix array New York;6;6
7;program;Product system International;directional index 1080p;36350;Soft Representative;Ergonomic Computer application;technologies Specialist deposit;Gorgeous Credit Card Account;tan navigating;Accountability Soft PCI;3348;Legacy;2021-07-21T19:14:43;secured line South Carolina Louisiana;2021-07-21T09:36:19;Platinum Bahrain Executive;7;7
8;user-centric;multi-byte Clothing Sierra Leone;one-to-one;79991;Advanced Handmade;navigating;challenge 1080p success;Producer redefine driver;Configuration Personal Loan Account XSS;Chief Assurance;313;Auto Loan Account;2021-07-21T18:36:55;Awesome Saint Vincent and the Grenadines Web;2021-07-22T02:33:18;Afghanistan;8;8
9;leading-edge;Arizona indigo Arkansas;action-items Cove cross-platform;97276;architecture Taka Sleek Plastic Chicken;bricks-and-clicks Movies Intelligent;national;Croatia Investor Movies;Metal;synthesizing;78619;asynchronous;2021-07-21T08:57:18;supply-chains Swaziland Intelligent Concrete Tuna;2021-07-21T22:59:39;SSL non-volatile;9;9
10;green;copying Handmade Optimized;Down-sized;59819;programming PNG violet;discrete alliance;bricks-and-clicks;Music;asynchronous service-desk;National bus global;34083;markets Facilitator;2021-07-21T10:01:09;JSON;2021-07-21T23:15:26;District;10;10
